3438
28	15	0
5	12	0
30	10	0
5	9	0
25	39	0
24	14	0
24	38	0
26	24	0
28	16	0
27	17	0
26	36	0
9	8	0
27	38	0
24	18	0
14	30	0
37	31	0
18	26	0
23	12	0
26	36	0
33	31	0
28	38	0
30	13	0
27	13	0
36	31	0
32	10	0
24	39	0
28	38	0
29	35	0
8	13	0
8	12	0
12	10	0
10	11	0
25	35	0
33	10	0
14	31	0
25	15	0
9	13	0
25	24	0
29	12	0
33	9	0
25	23	0
23	38	0
27	21	0
29	15	0
8	9	0
21	22	0
23	11	0
37	6	0
27	18	0
4	13	0
12	4	0
31	0	0
27	15	0
7	38	0
4	37	0
24	18	0
11	36	0
11	36	0
15	21	0
1	11	0
28	34	0
27	36	0
13	9	0
37	7	0
36	4	0
26	19	0
23	8	0
27	24	0
28	25	0
18	27	0
13	34	0
32	32	0
22	16	0
23	19	0
26	19	0
27	23	0
22	7	0
15	28	0
10	9	0
25	13	0
24	11	0
26	10	0
15	29	0
23	15	0
32	31	0
7	12	0
20	24	0
26	20	0
26	20	0
13	26	0
32	37	0
31	13	0
27	11	0
38	30	0
14	29	0
20	24	0
33	9	0
29	12	0
14	31	0
29	14	0
38	31	0
27	24	0
14	30	0
38	29	0
10	37	0
29	32	0
16	27	0
24	8	0
24	7	0
25	16	0
24	17	0
31	3	0
21	7	0
2	38	0
0	38	0
17	20	0
13	9	0
21	29	0
6	12	0
23	16	0
27	17	0
17	23	0
34	32	0
25	16	0
14	30	0
24	19	0
13	29	0
38	4	0
17	26	0
34	32	0
31	35	0
23	10	0
10	12	0
32	30	0
33	10	0
37	7	0
9	15	0
17	25	0
24	38	0
24	23	0
28	16	0
28	9	0
8	15	0
34	8	0
24	16	0
26	17	0
10	38	0
1	39	0
23	16	0
24	13	0
35	8	0
28	38	0
26	39	0
6	11	0
32	9	0
30	12	0
9	8	0
28	14	0
22	15	0
33	32	0
23	8	0
26	16	0
16	29	0
28	18	0
20	28	0
25	18	0
15	27	0
28	23	0
27	26	0
26	9	0
31	8	0
6	14	0
25	20	0
26	17	0
12	5	0
29	8	0
23	14	0
32	39	0
18	26	0
22	16	0
34	28	0
24	17	0
33	33	0
23	14	0
8	11	0
21	24	0
34	29	0
17	28	0
29	36	0
11	10	0
31	9	0
8	15	0
29	12	0
30	38	0
16	26	0
24	36	0
36	29	0
31	9	0
34	33	0
23	10	0
33	28	0
24	13	0
29	13	0
8	10	0
31	37	0
26	9	0
28	17	0
13	29	0
39	30	0
34	29	0
32	5	0
37	29	0
30	1	0
32	38	0
24	17	0
25	17	0
22	16	0
35	5	0
12	8	0
35	4	0
13	8	0
35	6	0
29	38	0
13	4	0
25	12	0
25	14	0
34	30	0
34	31	0
30	13	0
27	12	0
7	11	0
14	26	0
30	36	0
33	36	0
23	18	0
34	34	0
10	13	0
33	35	0
7	12	0
13	22	0
15	23	0
32	26	0
14	9	0
0	39	0
37	7	0
36	5	0
12	4	0
31	31	0
33	34	0
19	25	0
32	34	0
34	8	0
34	33	0
7	11	0
23	10	0
39	31	0
27	38	0
5	15	0
11	10	0
32	9	0
34	8	0
10	5	0
33	7	0
26	11	0
16	28	0
30	0	0
30	9	0
19	25	0
10	13	0
31	1	0
33	33	0
28	21	0
27	19	0
17	28	0
25	9	0
22	18	0
19	27	0
27	14	0
23	9	0
9	6	0
31	39	0
19	26	0
14	23	0
3	38	0
14	23	0
35	3	0
17	21	0
25	8	0
25	12	0
19	24	0
18	24	0
35	31	0
36	31	0
30	25	0
9	9	0
37	6	0
31	30	0
27	9	0
35	8	0
31	2	0
31	7	0
23	12	0
18	29	0
31	38	0
23	11	0
32	26	0
1	39	0
25	20	0
21	27	0
10	10	0
7	14	0
34	35	0
36	28	0
35	8	0
31	5	0
12	9	0
1	39	0
11	9	0
35	9	0
35	9	0
38	30	0
21	26	0
32	29	0
23	9	0
22	12	0
24	12	0
2	39	0
2	39	0
16	21	0
16	22	0
35	7	0
30	3	0
29	36	0
37	30	0
21	15	0
18	25	0
31	36	0
16	26	0
19	25	0
33	37	0
19	24	0
37	31	0
31	9	0
32	0	0
31	37	0
25	20	0
17	30	0
25	12	0
33	28	0
15	23	0
34	8	0
30	8	0
27	14	0
30	39	0
13	7	0
13	5	0
27	15	0
9	3	0
31	38	0
31	13	0
13	23	0
32	7	0
31	8	0
9	5	0
23	7	0
25	16	0
23	14	0
15	30	0
20	27	0
25	20	0
23	8	0
23	9	0
8	17	0
27	8	0
37	5	0
32	38	0
24	9	0
8	14	0
22	15	0
32	29	0
29	37	0
37	6	0
9	13	0
6	12	0
23	13	0
32	35	0
16	25	0
27	10	0
25	13	0
27	11	0
26	13	0
19	26	0
14	26	0
37	34	0
26	15	0
32	3	0
24	13	0
36	6	0
25	13	0
25	11	0
34	28	0
31	39	0
12	5	0
15	29	0
31	35	0
23	14	0
11	4	0
38	6	0
38	6	0
19	23	0
35	6	0
39	7	0
32	4	0
9	7	0
9	38	0
7	39	0
24	10	0
4	9	0
26	37	0
10	14	0
15	21	0
3	25	0
17	20	0
26	22	0
26	18	0
24	14	0
25	14	0
33	34	0
34	34	0
16	29	0
24	9	0
25	18	0
25	17	0
36	8	0
23	7	0
19	26	0
24	16	0
22	8	0
13	8	0
18	23	0
32	4	0
16	29	0
24	11	0
13	28	0
26	25	0
23	16	0
19	27	0
24	7	0
36	30	0
30	16	0
26	16	0
12	5	0
38	33	0
25	11	0
19	27	0
31	36	0
17	27	0
9	7	0
22	17	0
13	28	0
25	38	0
23	17	0
31	9	0
9	15	0
31	38	0
28	36	0
16	30	0
30	14	0
29	25	0
29	14	0
24	24	0
36	31	0
18	25	0
20	26	0
37	31	0
15	29	0
37	6	0
0	39	0
13	30	0
26	39	0
27	39	0
36	5	0
27	12	0
33	10	0
34	36	0
26	8	0
26	23	0
33	32	0
23	19	0
26	24	0
30	36	0
24	10	0
3	7	0
12	23	0
4	39	0
34	5	0
14	8	0
1	38	0
38	7	0
4	10	0
16	28	0
35	34	0
30	37	0
33	4	0
0	11	0
7	13	0
32	9	0
9	4	0
21	18	0
27	16	0
26	14	0
26	37	0
14	23	0
26	18	0
24	18	0
8	15	0
27	20	0
8	12	0
31	35	0
28	36	0
37	32	0
14	29	0
36	33	0
15	27	0
26	11	0
34	6	0
31	13	0
28	12	0
30	14	0
15	29	0
28	8	0
18	39	0
34	10	0
24	14	0
26	16	0
25	16	0
23	16	0
16	27	0
26	37	0
19	28	0
27	9	0
7	13	0
19	28	0
27	10	0
33	34	0
21	22	0
22	21	0
8	16	0
34	4	0
28	13	0
33	3	0
39	4	0
8	20	0
6	38	0
37	7	0
32	26	0
13	9	0
15	8	0
14	37	0
15	5	0
23	27	0
27	17	0
14	27	0
22	24	0
25	38	0
30	39	0
24	18	0
26	17	0
26	17	0
13	30	0
23	19	0
25	36	0
37	30	0
33	33	0
26	21	0
26	32	0
1	38	0
13	24	0
24	16	0
15	28	0
13	7	0
31	9	0
13	25	0
32	29	0
7	10	0
27	8	0
32	35	0
7	11	0
18	29	0
28	27	0
23	19	0
36	29	0
37	33	0
14	24	0
23	15	0
26	13	0
32	35	0
21	8	0
3	24	0
39	6	0
33	34	0
30	8	0
30	38	0
34	36	0
25	23	0
30	35	0
33	36	0
25	36	0
26	12	0
26	37	0
26	16	0
33	0	0
26	21	0
19	27	0
32	10	0
23	7	0
26	39	0
15	25	0
15	27	0
18	28	0
26	12	0
24	25	0
38	30	0
33	9	0
24	15	0
25	19	0
31	39	0
30	36	0
28	38	0
23	25	0
16	27	0
17	27	0
29	18	0
21	25	0
27	10	0
28	12	0
17	25	0
12	9	0
38	4	0
22	18	0
23	16	0
27	17	0
30	14	0
35	34	0
24	20	0
28	28	0
28	23	0
23	14	0
28	37	0
14	25	0
22	14	0
26	24	0
8	15	0
14	9	0
22	16	0
31	1	0
28	17	0
34	6	0
34	29	0
26	16	0
22	17	0
33	10	0
32	12	0
31	14	0
30	7	0
32	10	0
27	9	0
32	30	0
30	37	0
30	15	0
26	11	0
13	34	0
11	9	0
9	7	0
27	16	0
31	0	0
9	14	0
22	14	0
25	22	0
25	36	0
9	13	0
26	36	0
35	6	0
20	25	0
7	9	0
20	22	0
33	2	0
10	14	0
31	11	0
31	11	0
31	11	0
29	7	0
39	31	0
30	8	0
32	11	0
29	13	0
21	18	0
27	13	0
4	12	0
9	12	0
22	19	0
35	33	0
27	14	0
28	10	0
15	29	0
6	13	0
8	13	0
24	37	0
38	32	0
35	32	0
17	28	0
24	17	0
19	28	0
29	18	0
31	32	0
28	14	0
4	26	0
26	18	0
21	19	0
26	26	0
29	15	0
21	17	0
22	16	0
12	35	0
28	32	0
26	19	0
19	7	0
32	38	0
13	26	0
18	28	0
0	38	0
38	6	0
33	8	0
13	6	0
22	27	0
17	28	0
35	32	0
15	30	0
27	37	0
32	39	0
36	34	0
23	23	0
18	25	0
16	26	0
30	11	0
31	7	0
23	9	0
22	26	0
34	39	0
26	17	0
30	28	0
24	16	0
10	38	0
3	27	0
29	16	0
28	15	0
13	27	0
7	12	0
4	8	0
3	26	0
0	28	0
14	7	0
15	26	0
33	1	0
28	14	0
14	29	0
28	36	0
14	6	0
23	7	0
15	30	0
27	23	0
27	25	0
18	25	0
31	29	0
27	19	0
27	9	0
23	37	0
29	16	0
32	37	0
32	8	0
24	8	0
32	36	0
14	25	0
33	11	0
30	10	0
29	14	0
26	9	0
30	37	0
20	21	0
7	8	0
29	38	0
25	38	0
28	13	0
16	24	0
27	36	0
22	17	0
24	15	0
39	29	0
6	13	0
18	38	0
33	6	0
23	16	0
22	18	0
28	13	0
6	12	0
20	37	0
27	36	0
20	22	0
29	8	0
18	22	0
23	35	0
33	11	0
14	7	0
26	7	0
30	39	0
3	10	0
22	20	0
24	12	0
27	22	0
37	33	0
17	27	0
27	10	0
18	22	0
7	11	0
25	36	0
15	28	0
26	38	0
14	27	0
16	28	0
23	36	0
7	12	0
21	18	0
33	35	0
20	22	0
6	8	0
31	11	0
32	12	0
32	12	0
16	30	0
24	20	0
17	29	0
20	20	0
21	22	0
17	28	0
13	6	0
25	36	0
26	9	0
32	31	0
9	11	0
29	17	0
11	6	0
21	17	0
12	6	0
12	5	0
25	37	0
24	10	0
3	10	0
29	39	0
13	29	0
25	22	0
23	16	0
28	26	0
11	4	0
12	35	0
12	35	0
18	27	0
35	28	0
33	8	0
34	38	0
29	16	0
4	8	0
9	10	0
11	7	0
32	9	0
29	12	0
9	12	0
29	36	0
23	18	0
12	0	0
25	17	0
31	14	0
23	39	0
21	15	0
23	12	0
28	18	0
34	8	0
22	17	0
12	7	0
29	16	0
23	21	0
27	18	0
14	27	0
13	25	0
34	34	0
34	38	0
4	27	0
33	10	0
25	37	0
22	7	0
35	37	0
5	38	0
2	38	0
13	30	0
37	36	0
30	34	0
31	28	0
35	38	0
38	7	0
13	9	0
31	26	0
27	37	0
33	5	0
23	13	0
11	3	0
31	4	0
2	39	0
28	9	0
14	25	0
28	16	0
25	10	0
33	36	0
35	34	0
24	21	0
25	38	0
28	39	0
27	38	0
26	35	0
25	8	0
32	16	1
38	9	1
38	12	1
34	16	1
32	15	1
7	18	1
34	24	1
37	19	1
39	24	1
37	16	1
37	16	1
36	11	1
38	23	1
37	22	1
35	23	1
37	23	1
5	17	1
34	16	1
38	23	1
37	16	1
39	22	1
32	23	1
33	22	1
37	21	1
37	21	1
37	22	1
35	22	1
35	23	1
37	21	1
35	20	1
36	25	1
37	24	1
34	20	1
37	16	1
39	21	1
35	23	1
34	20	1
38	22	1
39	20	1
39	19	1
38	19	1
38	22	1
37	16	1
35	16	1
39	12	1
39	17	1
35	21	1
35	24	1
5	20	1
34	24	1
36	13	1
36	20	1
38	19	1
35	26	1
36	17	1
39	24	1
36	24	1
37	23	1
38	13	1
39	24	1
37	14	1
39	23	1
39	15	1
35	26	1
37	12	1
37	13	1
35	15	1
36	17	1
33	14	1
35	17	1
39	21	1
39	23	1
35	21	1
39	10	1
38	24	1
36	25	1
34	26	1
35	19	1
37	15	1
36	19	1
36	15	1
33	15	1
36	14	1
39	19	1
37	20	1
37	20	1
37	14	1
38	11	1
35	21	1
33	19	1
34	19	1
37	17	1
37	21	1
36	20	1
33	20	1
37	16	1
37	21	1
34	23	1
0	30	1
33	19	1
39	16	1
33	21	1
5	18	1
35	13	1
38	24	1
39	25	1
33	20	1
36	15	1
39	12	1
35	23	1
38	24	1
34	25	1
33	22	1
34	13	1
39	18	1
37	19	1
37	20	1
32	17	1
33	15	1
37	12	1
36	15	1
0	35	1
35	26	1
34	13	1
37	13	1
35	19	1
33	20	1
36	12	1
35	26	1
35	14	1
36	11	1
37	14	1
37	13	1
36	10	1
36	18	1
36	25	1
32	20	1
39	21	1
31	19	1
32	15	1
33	15	1
37	18	1
36	18	1
39	26	1
32	20	1
34	17	1
38	25	1
39	18	1
35	13	1
38	15	1
36	10	1
32	15	1
37	16	1
37	14	1
33	20	1
5	18	1
33	18	1
36	13	1
39	26	1
36	13	1
35	15	1
36	18	1
35	15	1
36	14	1
36	17	1
38	16	1
32	21	1
39	11	1
39	10	1
37	11	1
33	18	1
32	19	1
35	25	1
6	20	1
7	21	1
5	17	1
33	15	1
35	18	1
36	11	1
37	12	1
37	16	1
39	13	1
37	17	1
39	16	1
39	39	1
39	39	1
6	22	1
6	22	1
6	22	1
6	21	1
38	27	1
38	14	1
35	15	1
36	16	1
36	24	1
36	13	1
37	13	1
37	21	1
32	23	1
34	20	1
37	16	1
36	19	1
35	17	1
35	17	1
35	19	1
34	12	1
33	17	1
37	23	1
39	10	1
39	11	1
38	16	1
37	25	1
31	20	1
38	17	1
39	15	1
35	17	1
36	18	1
35	19	1
35	18	1
38	10	1
36	10	1
39	10	1
37	10	1
38	23	1
39	12	1
34	23	1
36	18	1
34	17	1
35	17	1
38	10	1
35	11	1
37	13	1
34	14	1
35	26	1
38	25	1
37	10	1
35	11	1
36	16	1
32	19	1
36	13	1
32	16	1
34	16	1
34	18	1
37	25	1
36	15	1
35	14	1
38	10	1
35	17	1
34	13	1
5	20	1
36	12	1
38	25	1
37	11	1
37	11	1
34	18	1
37	10	1
37	15	1
37	13	1
39	10	1
39	14	1
37	25	1
33	15	1
35	10	1
35	18	1
5	17	1
34	18	1
33	16	1
35	11	1
34	14	1
38	11	1
35	11	1
39	11	1
38	25	1
35	12	1
37	11	1
35	19	1
39	10	1
35	26	1
8	4	1
8	4	1
8	20	1
35	24	1
34	25	1
36	17	1
38	26	1
36	11	1
35	14	1
35	14	1
35	12	1
36	11	1
38	12	1
36	17	1
35	26	1
38	26	1
39	9	1
36	10	1
38	25	1
33	20	1
37	15	1
33	16	1
36	15	1
38	13	1
37	12	1
36	16	1
0	35	1
35	26	1
37	12	1
37	11	1
35	19	1
36	13	1
34	15	1
34	17	1
37	12	1
37	11	1
35	16	1
33	18	1
35	19	1
39	11	1
37	13	1
32	15	1
39	19	1
36	23	1
39	12	1
33	17	1
34	22	1
37	17	1
37	16	1
34	19	1
36	12	1
38	25	1
39	24	1
36	13	1
35	16	1
39	14	1
32	18	1
35	13	1
32	23	1
34	19	1
34	22	1
39	11	1
36	11	1
39	12	1
38	39	1
37	27	1
38	39	1
38	38	1
38	38	1
37	38	1
37	21	1
38	23	1
36	14	1
34	16	1
34	18	1
33	18	1
35	19	1
38	18	1
35	19	1
37	25	1
32	23	1
0	35	1
0	34	1
36	25	1
35	11	1
34	26	1
33	24	1
34	19	1
39	19	1
34	19	1
39	23	1
38	24	1
36	19	1
37	19	1
39	17	1
32	16	1
35	19	1
37	19	1
34	20	1
32	21	1
37	13	1
33	19	1
38	14	1
36	22	1
37	22	1
37	11	1
31	20	1
38	18	1
32	22	1
38	12	1
36	26	1
39	22	1
36	17	1
36	15	1
37	18	1
36	21	1
39	22	1
38	22	1
37	18	1
36	21	1
36	21	1
38	13	1
32	15	1
33	17	1
38	13	1
36	20	1
34	14	1
33	17	1
38	26	1
32	18	1
38	12	1
38	12	1
38	12	1
35	20	1
36	23	1
34	26	1
36	12	1
35	13	1
37	17	1
32	21	1
38	23	1
39	16	1
37	24	1
37	17	1
38	16	1
37	18	1
37	26	1
31	18	1
37	17	1
38	20	1
33	21	1
38	15	1
35	20	1
34	25	1
38	20	1
37	19	1
38	17	1
37	18	1
37	13	1
34	16	1
38	12	1
38	17	1
37	19	1
38	17	1
39	13	1
32	19	1
38	12	1
39	18	1
38	21	1
32	20	1
32	16	1
39	17	1
38	24	1
38	21	1
39	17	1
36	20	1
35	22	1
36	23	1
36	22	1
37	20	1
39	18	1
35	19	1
35	11	1
38	14	1
37	20	1
37	24	1
32	19	1
31	20	1
32	18	1
33	17	1
37	19	1
38	18	1
39	22	1
39	13	1
32	21	1
39	17	1
39	21	1
36	16	1
39	17	1
34	15	1
36	39	1
6	17	1
39	9	1
34	18	1
33	18	1
31	20	1
32	17	1
39	17	1
39	20	1
36	15	1
38	11	1
36	25	1
37	20	1
34	26	1
34	21	1
35	25	1
39	20	1
34	13	1
33	14	1
33	21	1
33	20	1
35	18	1
33	20	1
38	18	1
35	21	1
39	19	1
39	20	1
34	17	1
32	15	1
35	21	1
34	19	1
35	10	1
6	18	1
33	15	1
17	14	2
10	21	2
17	16	2
20	10	2
12	18	2
12	20	2
11	17	2
1	25	2
3	24	2
0	25	2
1	19	2
2	19	2
21	10	2
4	22	2
0	2	2
1	21	2
4	1	2
6	0	2
16	12	2
17	9	2
18	8	2
16	15	2
17	12	2
3	19	2
13	20	2
0	22	2
19	9	2
18	8	2
19	9	2
20	11	2
6	0	2
21	10	2
20	9	2
1	1	2
21	11	2
2	24	2
21	11	2
21	11	2
4	21	2
2	3	2
20	9	2
12	18	2
11	17	2
4	0	2
20	11	2
15	16	2
21	12	2
2	0	2
20	10	2
16	13	2
18	9	2
20	11	2
20	11	2
21	9	2
0	26	2
14	18	2
11	18	2
18	15	2
1	25	2
0	22	2
17	8	2
2	0	2
21	11	2
21	9	2
3	2	2
2	1	2
15	10	2
3	19	2
20	12	2
19	9	2
11	21	2
13	18	2
2	25	2
1	19	2
3	0	2
14	16	2
14	10	2
2	23	2
0	19	2
0	19	2
13	15	2
0	26	2
21	11	2
21	9	2
20	9	2
15	9	2
18	8	2
9	20	2
10	19	2
12	22	2
6	4	2
19	13	2
18	15	2
14	16	2
11	20	2
3	1	2
12	17	2
17	15	2
4	4	2
6	3	2
18	15	2
14	12	2
18	14	2
14	14	2
13	12	2
13	12	2
13	12	2
15	10	2
4	23	2
17	12	2
14	20	2
17	12	2
19	10	2
18	8	2
1	3	2
19	12	2
20	14	2
0	25	2
0	24	2
3	22	2
14	14	2
3	22	2
0	23	2
0	22	2
14	15	2
0	21	2
16	10	2
17	9	2
0	1	2
2	21	2
17	11	2
2	21	2
0	24	2
3	21	2
1	19	2
0	21	2
17	11	2
2	21	2
3	1	2
18	11	2
0	21	2
18	11	2
17	14	2
17	12	2
17	10	2
15	13	2
1	21	2
2	21	2
20	11	2
17	13	2
12	18	2
10	17	2
14	11	2
15	11	2
17	13	2
12	13	2
16	16	2
13	19	2
2	25	2
2	25	2
0	24	2
2	22	2
15	12	2
1	21	2
16	11	2
20	9	2
19	10	2
15	10	2
18	17	2
16	9	2
0	1	2
17	15	2
18	17	2
19	14	2
19	14	2
18	11	2
3	23	2
0	25	2
15	12	2
3	19	2
2	23	2
2	23	2
17	13	2
19	10	2
17	9	2
0	21	2
13	17	2
3	22	2
1	24	2
0	25	2
4	23	2
17	15	2
0	22	2
17	17	2
15	10	2
15	11	2
19	15	2
3	3	2
1	21	2
17	14	2
16	11	2
15	16	2
13	12	2
3	23	2
17	16	2
0	21	2
16	9	2
17	12	2
15	17	2
0	20	2
19	14	2
2	19	2
18	14	2
2	3	2
0	24	2
0	24	2
15	11	2
0	23	2
13	15	2
0	20	2
13	17	2
15	15	2
4	22	2
9	20	2
16	14	2
13	19	2
17	14	2
13	18	2
18	12	2
15	16	2
14	17	2
15	17	2
17	11	2
14	14	2
0	26	2
13	16	2
13	13	2
18	10	2
11	18	2
14	17	2
16	14	2
15	13	2
16	11	2
13	16	2
18	15	2
15	13	2
0	20	2
19	15	2
16	14	2
0	25	2
0	26	2
1	23	2
2	19	2
16	9	2
16	13	2
14	13	2
2	24	2
13	11	2
14	11	2
0	22	2
3	23	2
4	23	2
19	15	2
18	11	2
19	9	2
18	11	2
15	13	2
19	16	2
2	1	2
2	23	2
17	12	2
14	19	2
1	23	2
17	14	2
16	12	2
15	18	2
16	18	2
16	18	2
16	18	2
17	19	2
18	18	2
0	3	2
18	11	2
16	11	2
16	12	2
18	13	2
18	13	2
19	13	2
18	11	2
19	15	2
3	20	2
2	24	2
0	27	2
12	15	2
15	12	2
12	14	2
13	14	2
12	15	2
12	15	2
12	14	2
13	15	2
0	26	2
17	14	2
18	14	2
19	14	2
19	14	2
19	11	2
10	20	2
18	13	2
18	13	2
16	14	2
1	23	2
2	23	2
15	12	2
18	14	2
17	13	2
18	15	2
14	13	2
14	16	2
19	12	2
1	23	2
19	12	2
1	23	2
19	12	2
18	14	2
10	20	2
20	13	2
15	14	2
16	14	2
19	11	2
16	16	2
12	17	2
1	23	2
16	15	2
18	16	2
14	18	2
14	13	2
19	15	2
16	14	2
1	22	2
15	10	2
15	13	2
16	15	2
20	12	2
17	16	2
15	11	2
18	13	2
17	17	2
16	16	2
13	17	2
16	16	2
17	12	2
15	17	2
13	17	2
17	11	2
4	23	2
15	18	2
17	18	2
15	11	2
17	13	2
18	10	2
1	22	2
0	26	2
15	16	2
9	19	2
17	12	2
0	25	2
0	25	2
15	12	2
0	23	2
1	23	2
1	23	2
1	25	2
19	11	2
17	11	2
14	17	2
17	13	2
18	10	2
15	11	2
0	22	2
6	5	2
14	10	2
0	21	2
0	21	2
1	26	2
12	14	2
11	16	2
11	16	2
12	14	2
13	15	2
11	15	2
11	15	2
12	15	2
16	13	2
17	13	2
2	20	2
19	12	2
18	14	2
16	15	2
12	19	2
1	25	2
15	11	2
4	22	2
17	12	2
1	23	2
1	22	2
0	25	2
4	24	2
11	16	2
12	13	2
13	16	2
12	15	2
11	15	2
13	16	2
1	26	2
2	24	2
0	25	2
15	14	2
0	23	2
17	11	2
17	10	2
17	11	2
2	2	2
9	20	2
5	4	2
5	3	2
17	14	2
20	12	2
18	8	2
16	13	2
4	22	2
21	11	2
3	20	2
16	16	2
14	12	2
3	3	2
14	12	2
15	15	2
18	14	2
17	12	2
15	10	2
18	9	2
1	24	2
17	16	2
18	17	2
16	18	2
17	18	2
4	24	2
6	4	2
0	22	2
0	21	2
16	9	2
18	10	2
1	21	2
18	16	2
16	17	2
1	22	2
2	25	2
2	23	2
1	25	2
12	20	2
13	12	2
12	12	2
12	12	2
15	15	2
17	9	2
2	20	2
19	15	2
17	17	2
2	20	2
0	4	2
18	12	2
16	10	2
16	10	2
12	19	2
2	22	2
0	22	2
15	10	2
0	0	2
13	14	2
19	12	2
17	11	2
19	10	2
3	21	2
3	22	2
17	11	2
17	9	2
16	10	2
16	11	2
17	10	2
1	20	2
3	21	2
10	18	2
9	18	2
18	17	2
1	19	2
16	11	2
0	19	2
0	22	2
3	19	2
18	8	2
16	9	2
16	9	2
19	10	2
0	0	2
19	8	2
3	22	2
17	8	2
11	21	2
3	2	2
1	20	2
1	26	2
0	26	2
1	23	2
12	12	2
1	26	2
12	16	2
21	9	2
17	9	2
0	24	2
11	19	2
20	13	2
2	20	2
19	8	2
1	2	2
1	25	2
19	17	2
20	9	2
17	16	2
3	0	2
19	8	2
3	22	2
16	10	2
12	21	2
19	8	2
17	11	2
10	20	2
0	2	2
15	14	2
18	16	2
15	12	2
17	8	2
17	11	2
17	11	2
14	20	2
15	12	2
2	24	2
19	8	2
16	9	2
20	13	2
20	12	2
19	9	2
0	16	2
16	12	2
2	23	2
3	23	2
20	12	2
3	2	2
3	22	2
16	12	2
17	8	2
2	21	2
0	20	2
12	17	2
5	33	3
4	32	3
8	29	3
8	36	3
38	0	3
7	35	3
8	36	3
5	34	3
8	30	3
7	36	3
8	35	3
9	35	3
11	33	3
10	33	3
8	34	3
11	33	3
10	35	3
12	33	3
39	2	3
3	25	3
12	33	3
12	29	3
3	16	3
10	23	3
10	27	3
8	23	3
2	35	3
10	27	3
38	1	3
8	23	3
12	32	3
7	34	3
10	35	3
8	35	3
12	32	3
11	28	3
11	29	3
10	35	3
10	34	3
10	33	3
10	35	3
11	27	3
6	35	3
10	35	3
11	34	3
8	35	3
11	33	3
10	34	3
11	26	3
11	34	3
12	32	3
11	33	3
11	34	3
10	33	3
8	35	3
7	36	3
10	33	3
8	32	3
7	35	3
11	30	3
9	34	3
10	31	3
9	31	3
7	31	3
4	35	3
11	29	3
5	32	3
8	32	3
6	30	3
11	31	3
11	33	3
8	33	3
11	29	3
7	36	3
5	29	3
7	36	3
8	26	3
5	29	3
6	32	3
3	31	3
2	33	3
9	35	3
10	31	3
5	36	3
6	33	3
7	33	3
5	35	3
1	32	3
0	31	3
7	33	3
6	33	3
10	31	3
5	30	3
6	29	3
5	33	3
6	32	3
5	34	3
5	30	3
6	25	3
6	25	3
39	0	3
39	27	3
8	28	3
2	32	3
6	30	3
6	29	3
39	0	3
1	36	3
7	26	3
8	29	3
10	30	3
0	13	3
1	17	3
11	25	3
7	33	3
8	31	3
10	32	3
8	36	3
6	35	3
11	26	3
8	29	3
4	30	3
10	26	3
8	33	3
3	32	3
8	26	3
6	33	3
4	31	3
7	36	3
5	32	3
6	31	3
3	30	3
10	27	3
5	34	3
2	33	3
0	32	3
7	23	3
8	24	3
4	34	3
4	31	3
5	35	3
3	36	3
3	35	3
5	36	3
3	33	3
8	27	3
7	33	3
5	36	3
8	32	3
10	31	3
7	28	3
9	29	3
10	31	3
6	33	3
38	2	3
6	28	3
6	36	3
8	30	3
8	32	3
9	33	3
8	26	3
7	29	3
8	31	3
8	32	3
11	34	3
8	22	3
9	23	3
6	36	3
11	26	3
10	26	3
37	2	3
2	15	3
6	37	3
9	33	3
9	25	3
6	29	3
7	23	3
2	30	3
7	30	3
10	29	3
5	36	3
11	32	3
7	28	3
5	36	3
8	30	3
9	24	3
8	24	3
12	30	3
9	27	3
7	35	3
5	32	3
5	33	3
6	27	3
8	25	3
5	31	3
5	32	3
5	31	3
7	30	3
8	32	3
10	24	3
7	28	3
2	31	3
8	28	3
7	30	3
3	34	3
7	26	3
6	29	3
6	35	3
8	30	3
6	34	3
6	35	3
8	33	3
9	29	3
4	32	3
6	28	3
10	26	3
4	34	3
6	29	3
4	30	3
8	27	3
7	26	3
2	35	3
2	32	3
2	16	3
1	17	3
1	14	3
6	24	3
3	35	3
3	32	3
7	27	3
4	32	3
7	29	3
3	30	3
4	33	3
2	30	3
6	26	3
7	23	3
7	26	3
7	24	3
39	1	3
1	17	3
7	25	3
7	25	3
7	26	3
8	25	3
6	26	3
8	27	3
8	28	3
3	30	3
9	26	3
7	27	3
7	27	3
3	33	3
5	29	3
7	24	3
4	30	3
7	27	3
4	31	3
10	26	3
7	27	3
8	24	3
8	25	3
3	32	3
4	30	3
2	30	3
8	26	3
4	33	3
3	34	3
9	28	3
7	30	3
2	34	3
10	29	3
8	29	3
8	28	3
3	15	3
9	25	3
10	31	3
6	31	3
6	35	3
8	29	3
5	33	3
6	30	3
2	33	3
7	30	3
8	27	3
7	30	3
7	36	3
3	34	3
9	32	3
11	32	3
7	31	3
5	35	3
9	36	3
5	32	3
9	33	3
9	33	3
12	31	3
6	34	3
11	31	3
11	28	3
7	32	3
10	30	3
8	35	3
11	27	3
11	33	3
11	28	3
9	24	3
36	0	3
5	36	3
9	33	3
11	34	3
38	1	3
7	36	3
11	32	3
8	36	3
7	36	3
9	34	3
6	32	3
10	30	3
5	32	3
11	33	3
9	32	3
9	31	3
6	34	3
8	31	3
11	30	3
12	30	3
12	32	3
12	32	3
1	16	3
3	35	3
11	30	3
10	35	3
11	31	3
4	32	3
7	27	3
2	32	3
5	33	3
10	27	3
7	28	3
8	32	3
6	35	3
7	28	3
6	32	3
10	32	3
6	34	3
10	32	3
9	34	3
6	33	3
7	35	3
10	27	3
9	24	3
11	31	3
11	33	3
10	24	3
11	24	3
11	33	3
8	35	3
9	33	3
2	32	3
8	33	3
10	33	3
6	32	3
6	30	3
4	33	3
1	32	3
6	32	3
11	32	3
5	30	3
3	32	3
39	27	3
8	28	3
7	31	3
11	33	3
9	31	3
9	30	3
1	31	3
1	31	3
5	31	3
2	35	3
6	26	3
6	31	3
7	29	3
10	30	3
5	33	3
7	34	3
8	24	3
1	13	3
36	2	3
10	31	3
7	32	3
11	26	3
8	32	3
11	32	3
4	34	3
5	31	3
4	36	3
3	34	3
9	27	3
7	30	3
5	31	3
4	33	3
7	26	3
1	36	3
6	26	3
10	27	3
3	32	3
6	33	3
7	32	3
10	30	3
11	32	3
0	32	3
10	28	3
6	30	3
6	34	3
8	32	3
6	24	3
6	26	3
0	15	3
39	0	3
10	26	3
3	31	3
6	28	3
8	28	3
8	28	3
5	35	3
5	36	3
11	33	3
8	36	3
8	31	3
10	32	3
9	34	3
8	33	3
7	28	3
9	35	3
7	33	3
12	33	3
11	31	3
5	35	3
7	32	3
9	33	3
10	35	3
37	1	3
0	16	3
9	22	3
11	32	3
10	31	3
11	32	3
11	28	3
8	34	3
9	34	3
8	33	3
9	29	3
11	26	3
9	35	3
9	28	3
8	32	3
7	33	3
12	32	3
10	29	3
10	33	3
7	30	3
4	36	3
7	29	3
6	26	3
4	35	3
6	35	3
11	32	3
6	33	3
6	31	3
11	29	3
4	31	3
4	32	3
15	36	4
18	32	4
29	10	4
2	6	4
20	4	4
20	3	4
15	7	4
20	7	4
19	4	4
24	33	4
25	27	4
10	1	4
36	35	4
20	19	4
27	19	4
24	38	4
25	6	4
29	16	4
25	6	4
18	5	4
18	36	4
29	20	4
18	39	4
15	4	4
15	31	4
12	38	4
15	35	4
30	28	4
20	35	4
14	36	4
14	35	4
27	20	4
22	38	4
24	33	4
16	35	4
27	28	4
24	39	4
14	33	4
15	37	4
15	33	4
29	20	4
9	1	4
25	9	4
28	4	4
16	39	4
21	39	4
14	39	4
15	36	4
22	4	4
21	35	4
31	13	4
24	33	4
29	18	4
19	38	4
25	0	4
25	34	4
11	1	4
19	21	4
22	22	4
20	29	4
11	39	4
10	39	4
26	33	4
28	33	4
11	37	4
5	39	4
10	37	4
29	32	4
0	37	4
5	38	4
5	39	4
13	9	4
25	1	4
17	1	4
10	1	4
22	30	4
21	5	4
2	28	4
17	5	4
0	7	4
22	0	4
17	2	4
13	37	4
10	9	4
25	28	4
24	29	4
22	3	4
16	39	4
18	32	4
21	0	4
22	37	4
29	19	4
19	32	4
17	36	4
14	31	4
14	34	4
29	5	4
30	18	4
14	2	4
22	37	4
23	35	4
26	32	4
14	39	4
24	28	4
0	9	4
22	15	4
15	34	4
19	38	4
16	37	4
17	0	4
18	33	4
24	34	4
19	0	4
18	33	4
23	6	4
18	5	4
27	0	4
14	39	4
20	36	4
21	3	4
16	6	4
4	27	4
19	2	4
18	0	4
16	1	4
11	39	4
13	39	4
14	39	4
12	38	4
15	36	4
2	8	4
21	30	4
24	1	4
12	38	4
23	2	4
17	3	4
28	30	4
21	2	4
17	39	4
18	1	4
15	34	4
13	0	4
20	36	4
21	34	4
22	39	4
19	1	4
19	33	4
21	37	4
23	3	4
13	38	4
12	39	4
27	31	4
1	28	4
2	27	4
28	39	4
23	37	4
25	7	4
23	36	4
22	35	4
23	5	4
17	37	4
23	4	4
11	39	4
15	37	4
14	38	4
16	39	4
1	6	4
21	4	4
22	0	4
15	33	4
18	36	4
26	0	4
15	5	4
21	31	4
15	33	4
17	36	4
15	36	4
21	37	4
20	0	4
18	0	4
22	1	4
17	0	4
18	4	4
19	34	4
15	39	4
25	2	4
21	16	4
14	2	4
17	36	4
18	36	4
17	37	4
24	0	4
22	7	4
2	9	4
27	1	4
28	11	4
16	33	4
16	33	4
24	36	4
17	36	4
15	5	4
31	6	4
34	2	4
3	14	4
2	12	4
31	27	4
30	17	4
7	38	4
7	38	4
30	26	4
12	8	4
25	2	4
13	0	4
23	26	4
23	33	4
18	31	4
21	30	4
4	26	4
29	5	4
17	0	4
13	34	4
21	27	4
16	38	4
15	37	4
25	31	4
37	7	4
4	6	4
26	6	4
16	6	4
15	0	4
24	32	4
17	3	4
18	32	4
18	32	4
14	36	4
21	33	4
20	35	4
28	19	4
17	35	4
21	3	4
16	33	4
20	33	4
17	33	4
16	3	4
12	4	4
31	30	4
22	34	4
16	4	4
17	31	4
27	38	4
4	13	4
29	5	4
29	9	4
22	4	4
23	5	4
22	29	4
19	34	4
14	35	4
21	33	4
22	5	4
24	3	4
27	5	4
26	5	4
17	4	4
2	7	4
14	1	4
13	0	4
18	30	4
30	6	4
3	28	4
20	6	4
29	4	4
30	5	4
29	5	4
26	1	4
19	32	4
26	3	4
3	28	4
28	2	4
23	6	4
20	2	4
19	2	4
17	6	4
18	31	4
16	39	4
20	3	4
20	3	4
8	1	4
23	0	4
20	0	4
29	7	4
15	6	4
23	4	4
11	8	4
17	6	4
19	6	4
25	1	4
31	6	4
19	31	4
16	5	4
24	27	4
20	2	4
27	3	4
14	35	4
17	34	4
24	31	4
24	27	4
24	6	4
9	38	4
39	34	4
9	37	4
9	37	4
39	34	4
8	38	4
33	27	4
20	4	4
17	36	4
14	1	4
19	32	4
19	0	4
23	34	4
19	29	4
18	33	4
14	1	4
25	29	4
3	28	4
30	5	4
39	7	4
39	5	4
14	8	4
19	30	4
12	38	4
18	5	4
26	29	4
23	28	4
18	2	4
24	0	4
26	6	4
25	32	4
28	10	4
3	27	4
18	3	4
23	1	4
28	6	4
23	29	4
15	37	4
23	2	4
18	36	4
11	0	4
20	29	4
17	5	4
19	31	4
15	6	4
30	5	4
16	31	4
15	7	4
13	9	4
2	27	4
13	3	4
17	39	4
24	6	4
19	3	4
16	31	4
22	1	4
17	34	4
30	30	4
27	5	4
20	32	4
15	34	4
15	34	4
20	32	4
14	4	4
11	2	4
21	34	4
16	5	4
3	39	4
1	38	4
3	39	4
30	26	4
3	37	4
21	20	4
30	17	4
15	23	4
14	22	4
36	5	4
3	38	4
3	39	4
20	30	4
17	36	4
11	1	4
18	31	4
29	1	4
20	35	4
19	35	4
23	0	4
16	36	4
21	36	4
29	2	4
28	6	4
15	4	4
27	4	4
18	32	4
10	12	4
26	28	4
15	39	4
17	37	4
27	6	4
19	0	4
3	8	4
28	7	4
23	6	4
21	0	4
16	38	4
14	38	4
13	4	4
13	34	4
13	33	4
13	33	4
25	32	4
15	4	4
27	29	4
17	37	4
20	38	4
3	28	4
3	25	4
4	24	4
15	21	4
20	27	4
22	2	4
12	36	4
18	1	4
22	2	4
25	33	4
17	34	4
15	37	4
14	39	4
19	0	4
18	6	4
0	28	4
3	7	4
18	34	4
21	3	4
21	7	4
13	2	4
15	31	4
20	38	4
21	0	4
15	36	4
15	31	4
24	30	4
22	5	4
16	33	4
18	3	4
25	2	4
15	32	4
14	5	4
21	31	4
19	0	4
22	34	4
7	38	4
28	31	4
11	35	4
12	37	4
20	1	4
21	33	4
24	34	4
22	38	4
15	6	4
0	10	4
24	0	4
25	31	4
25	5	4
26	2	4
16	31	4
15	39	4
18	32	4
13	30	4
19	39	4
27	39	4
17	4	4
28	20	4
14	35	4
19	29	4
22	3	4
18	2	4
16	3	4
19	35	4
17	37	4
23	29	4
13	37	4
23	1	4
20	32	4
2	28	4
29	3	4
27	6	4
17	4	4
13	38	4
23	27	4
3	13	4
26	32	4
15	35	4
28	11	4
15	31	4
17	31	4
16	1	4
12	36	4
12	35	4
14	33	4
21	37	4
18	3	4
15	34	4
16	31	4
12	39	4
18	33	4
16	32	4
21	32	4
23	30	4
28	9	4
30	21	4
29	22	4
13	36	4
13	36	4
20	39	4
21	33	4
21	34	4
16	37	4
14	39	4
23	3	4
18	39	4
21	38	4
21	0	4
26	35	4
22	30	4
15	33	4
17	39	4
17	32	4
25	31	4
15	0	4
22	35	4
21	33	4
22	32	4
25	33	4
21	22	4
19	21	4
12	1	4
25	31	4
29	13	4
11	3	4
14	3	4
30	22	4
30	22	4
19	35	4
39	33	4
39	34	4
15	38	4
21	5	4
14	8	4
14	33	4
15	37	4
26	0	4
27	5	4
26	5	4
16	32	4
29	29	4
22	24	4
22	37	4
18	36	4
15	32	4
14	38	4
12	36	4
14	31	4
17	36	4
17	5	4
39	6	4
3	27	4
38	6	4
15	5	4
16	4	4
11	8	4
38	5	4
18	37	4
13	38	4
15	36	4
21	35	4
22	2	4
16	1	4
31	6	4
5	11	4
28	29	4
27	7	4
27	35	4
2	6	4
16	34	4
15	35	4
22	33	4
23	0	4
27	0	4
16	36	4
24	29	4
20	32	4
16	39	4
24	34	4
26	32	4
24	1	4
17	32	4
21	2	4
24	2	4
28	0	4
5	39	4
9	39	4
5	39	4
7	6	4
22	38	4
24	33	4
10	10	4
21	37	4
16	39	4
21	35	4
13	2	4
15	34	4
21	37	4
22	36	4
19	34	4
17	36	4
12	3	4
20	30	4
14	5	4
1	28	4
31	33	4
36	5	4
11	2	4
29	28	4
14	34	4
29	19	4
27	4	4
24	32	4
23	0	4
35	36	4
15	2	4
18	37	4
25	35	4
20	31	4
22	6	4
13	1	4
16	39	4
16	35	4
22	37	4
26	4	4
17	34	4
24	2	4
22	15	4
17	33	4
21	1	4
19	4	4
17	3	4
20	27	4
24	9	4
24	5	4
17	38	4
14	32	4
25	36	4
23	39	4
31	14	4
22	39	4
21	39	4
20	32	4
16	35	4
15	34	4
25	1	4
26	33	4
13	34	4
26	35	4
17	33	4
11	0	4
12	35	4
25	26	4
12	3	4
18	35	4
18	37	4
17	38	4
21	31	4
25	2	4
26	30	4
7	8	4
20	21	4
21	37	4
19	3	4
14	1	4
14	0	4
18	36	4
15	31	4
25	31	4
25	0	4
21	34	4
30	3	4
17	39	4
19	0	4
15	36	4
23	5	4
23	36	4
23	33	4
21	36	4
28	39	4
16	22	4
34	3	4
18	21	4
39	36	4
38	35	4
39	34	4
39	33	4
7	8	4
20	21	4
14	37	4
17	30	4
13	34	4
32	10	4
33	12	4
31	12	4
6	10	4
20	22	4
21	4	4
16	34	4
22	36	4
17	31	4
19	37	4
14	38	4
16	32	4
19	5	4
17	38	4
10	2	4
18	37	4
33	39	4
23	6	4
25	4	4
12	1	4
14	32	4
18	5	4
15	32	4
18	34	4
10	2	4
23	21	4
23	32	4
24	0	4
21	30	4
17	5	4
34	10	4
18	37	4
13	2	4
7	9	4
20	22	4
18	33	4
28	21	4
24	35	4
29	9	4
33	12	4
22	32	4
21	6	4
27	33	4
16	33	4
16	33	4
19	39	4
19	38	4
25	3	4
21	1	4
15	33	4
18	2	4
11	35	4
11	38	4
22	0	4
21	0	4
16	2	4
16	38	4
5	11	4
2	37	4
17	32	4
14	32	4
24	30	4
18	5	4
31	25	4
4	28	4
28	18	4
15	32	4
18	38	4
25	31	4
20	34	4
12	2	4
3	27	4
2	27	4
26	4	4
20	33	4
20	34	4
24	5	4
14	35	4
3	11	4
15	34	4
17	34	4
14	33	4
14	33	4
30	30	4
23	2	4
24	2	4
29	11	4
37	4	4
15	36	4
17	35	4
26	27	4
21	1	4
16	32	4
15	36	4
14	39	4
15	33	4
18	36	4
16	4	4
23	2	4
21	32	4
23	0	4
21	28	4
36	7	4
16	39	4
20	0	4
13	39	4
19	39	4
26	0	4
14	32	4
14	36	4
37	8	4
9	2	4
14	35	4
16	34	4
24	0	4
16	33	4
12	38	4
16	35	4
19	36	4
21	39	4
17	38	4
20	35	4
22	36	4
21	33	4
30	22	4
21	32	4
22	32	4
26	34	4
10	0	4
22	32	4
32	11	4
31	10	4
31	11	4
31	11	4
6	10	4
22	33	4
19	21	4
22	22	4
27	19	4
13	34	4
23	4	4
25	4	4
21	32	4
21	39	4
21	39	4
23	33	4
19	32	4
19	35	4
18	36	4
16	7	4
2	27	4
30	23	4
30	24	4
21	7	4
15	7	4
16	31	4
13	35	4
24	1	4
14	31	4
25	1	4
24	4	4
22	5	4
29	21	4
26	3	4
22	3	4
21	5	4
4	26	4
7	39	4
6	39	4
8	39	4
8	38	4
8	39	4
7	39	4
6	39	4
4	38	4
7	39	4
5	38	4
4	38	4
8	39	4
7	39	4
39	32	4
32	27	4
39	36	4
39	36	4
14	21	4
37	35	4
17	22	4
36	4	4
37	8	4
4	27	4
4	38	4
14	22	4
35	36	4
13	3	4
29	16	4
29	9	4
24	28	4
10	2	4
17	39	4
12	0	4
15	38	4
23	37	4
23	39	4
25	30	4
24	1	4
28	18	4
11	1	4
18	4	4
18	34	4
24	26	4
19	36	4
22	6	4
20	37	4
15	36	4
21	35	4
22	0	4
23	3	4
23	0	4
29	1	4
26	7	4
19	39	4
12	1	4
4	26	4
10	39	4
4	25	4
3	27	4
28	34	4
3	38	4
3	6	4
2	7	4
27	4	4
21	0	4
14	32	4
14	5	4
24	37	4
29	20	4
18	35	4
24	31	4
19	32	4
21	33	4
17	36	4
20	39	4
18	39	4
17	39	4
18	32	4
20	6	4
