3438
21	30	0
16	20	0
28	28	0
23	35	0
38	20	0
27	22	0
15	11	0
27	21	0
31	20	0
28	19	0
36	17	0
32	27	0
35	17	0
36	10	0
38	11	0
21	34	0
1	26	0
23	33	0
15	15	0
38	12	0
32	18	0
36	21	0
27	27	0
20	33	0
34	20	0
36	19	0
32	18	0
32	22	0
10	16	0
15	24	0
31	35	0
14	25	0
20	28	0
33	19	0
35	11	0
27	22	0
28	28	0
39	23	0
29	29	0
31	30	0
32	22	0
15	16	0
28	18	0
15	17	0
32	29	0
9	13	0
16	29	0
5	26	0
17	17	0
25	19	0
26	25	0
32	28	0
18	33	0
38	18	0
35	39	0
18	15	0
17	12	0
17	12	0
4	37	0
22	36	0
21	38	0
37	16	0
8	39	0
5	25	0
4	26	0
30	16	0
9	22	0
26	19	0
2	24	0
1	26	0
2	12	0
38	13	0
29	19	0
37	14	0
28	15	0
28	22	0
38	26	0
22	28	0
29	32	0
28	25	0
13	20	0
38	24	0
36	13	0
23	28	0
29	20	0
38	22	0
16	25	0
14	16	0
39	23	0
32	20	0
25	31	0
29	29	0
27	28	0
22	32	0
39	12	0
27	29	0
30	31	0
28	27	0
36	13	0
35	22	0
23	30	0
28	22	0
37	11	0
19	31	0
17	14	0
32	32	0
23	27	0
10	21	0
0	25	0
26	17	0
27	16	0
37	26	0
14	27	0
36	29	0
4	36	0
30	34	0
6	27	0
23	26	0
21	27	0
22	28	0
29	20	0
22	35	0
30	17	0
27	17	0
35	11	0
18	15	0
39	11	0
39	28	0
15	19	0
32	18	0
26	26	0
3	26	0
15	25	0
30	21	0
34	20	0
12	39	0
39	24	0
31	23	0
36	18	0
8	0	0
31	21	0
17	25	0
37	23	0
25	34	0
26	17	0
27	19	0
16	13	0
5	37	0
28	20	0
26	24	0
28	33	0
35	18	0
35	18	0
39	25	0
28	30	0
29	29	0
30	26	0
36	23	0
19	27	0
21	33	0
9	22	0
30	17	0
36	14	0
13	16	0
26	23	0
17	16	0
17	18	0
25	20	0
0	26	0
12	21	0
30	27	0
17	24	0
35	16	0
27	16	0
3	28	0
11	22	0
27	23	0
7	21	0
12	22	0
29	19	0
29	26	0
27	15	0
21	29	0
26	24	0
26	28	0
17	31	0
25	27	0
19	32	0
32	22	0
26	35	0
29	31	0
9	20	0
32	29	0
31	23	0
27	25	0
35	16	0
18	30	0
31	28	0
20	29	0
13	25	0
15	26	0
27	25	0
27	27	0
32	29	0
23	34	0
19	26	0
27	20	0
37	11	0
22	33	0
17	30	0
16	27	0
20	30	0
36	25	0
2	25	0
29	16	0
27	16	0
28	19	0
5	25	0
6	25	0
23	36	0
39	27	0
37	30	0
33	20	0
3	25	0
26	26	0
23	28	0
20	34	0
20	34	0
37	20	0
17	32	0
18	31	0
32	21	0
23	31	0
27	26	0
36	16	0
21	31	0
26	30	0
34	24	0
11	17	0
13	1	0
34	38	0
32	32	0
7	27	0
7	26	0
37	28	0
38	29	0
25	26	0
6	20	0
24	30	0
13	22	0
21	34	0
26	34	0
19	32	0
18	31	0
16	27	0
20	31	0
34	18	0
39	23	0
37	28	0
28	30	0
26	34	0
36	25	0
36	30	0
11	19	0
21	29	0
31	27	0
30	27	0
25	32	0
16	28	0
11	19	0
23	31	0
9	18	0
18	17	0
20	28	0
2	26	0
35	14	0
1	24	0
19	33	0
14	26	0
31	25	0
28	23	0
26	26	0
33	35	0
33	34	0
33	36	0
22	35	0
36	31	0
11	21	0
26	27	0
15	25	0
30	23	0
20	34	0
20	33	0
31	32	0
32	27	0
5	26	0
17	22	0
12	18	0
10	1	0
36	25	0
39	30	0
27	25	0
27	17	0
31	23	0
15	25	0
32	32	0
8	25	0
39	14	0
8	21	0
37	26	0
39	22	0
34	25	0
23	32	0
10	1	0
10	22	0
13	27	0
9	25	0
36	29	0
33	28	0
34	28	0
23	31	0
16	26	0
33	23	0
27	34	0
8	24	0
27	25	0
5	27	0
5	27	0
36	29	0
33	37	0
36	31	0
36	26	0
30	23	0
21	34	0
25	26	0
13	22	0
28	26	0
15	20	0
26	31	0
35	26	0
30	25	0
26	18	0
29	27	0
30	24	0
23	33	0
39	14	0
17	19	0
28	26	0
25	31	0
10	1	0
25	34	0
27	30	0
18	32	0
39	14	0
9	24	0
11	23	0
26	19	0
34	23	0
26	24	0
37	20	0
32	36	0
36	31	0
36	31	0
36	25	0
25	33	0
26	17	0
25	27	0
37	12	0
7	22	0
39	14	0
35	27	0
27	34	0
28	31	0
16	25	0
3	32	0
25	35	0
26	32	0
16	23	0
25	28	0
19	33	0
33	21	0
6	25	0
29	28	0
17	28	0
27	24	0
35	25	0
38	20	0
19	25	0
28	25	0
36	22	0
38	22	0
1	25	0
31	22	0
39	15	0
38	14	0
24	35	0
24	32	0
38	29	0
28	25	0
26	26	0
29	26	0
29	23	0
3	29	0
36	11	0
32	25	0
26	25	0
1	27	0
6	25	0
7	25	0
17	32	0
37	29	0
7	24	0
23	34	0
31	33	0
39	18	0
34	32	0
24	33	0
39	32	0
14	14	0
16	30	0
12	0	0
5	34	0
32	36	0
39	13	0
18	16	0
0	26	0
24	28	0
33	25	0
20	32	0
36	13	0
25	32	0
36	10	0
28	16	0
35	28	0
2	25	0
1	25	0
39	13	0
27	35	0
9	24	0
14	20	0
22	35	0
36	14	0
26	27	0
37	12	0
17	17	0
26	18	0
1	24	0
8	21	0
21	32	0
34	22	0
28	22	0
12	24	0
38	15	0
26	26	0
38	24	0
24	29	0
18	28	0
32	25	0
36	15	0
39	10	0
14	13	0
28	17	0
31	27	0
35	23	0
32	24	0
30	18	0
36	13	0
37	21	0
32	26	0
34	21	0
20	30	0
29	18	0
28	24	0
2	25	0
21	34	0
36	11	0
37	28	0
7	26	0
37	10	0
34	18	0
33	17	0
36	28	0
17	31	0
33	19	0
39	25	0
17	25	0
30	19	0
35	16	0
28	18	0
28	21	0
32	27	0
13	24	0
39	29	0
12	1	0
3	39	0
26	35	0
6	26	0
31	36	0
4	28	0
6	22	0
36	14	0
27	19	0
23	30	0
23	35	0
24	36	0
38	21	0
28	29	0
37	25	0
37	14	0
27	19	0
12	18	0
15	14	0
34	36	0
18	15	0
35	10	0
9	0	0
13	15	0
26	28	0
0	25	0
32	20	0
21	33	0
38	11	0
39	14	0
21	29	0
11	19	0
37	28	0
37	20	0
38	21	0
38	22	0
36	12	0
0	35	0
34	16	0
34	21	0
28	24	0
28	18	0
27	17	0
28	20	0
23	28	0
35	16	0
38	24	0
11	18	0
12	15	0
39	24	0
13	19	0
19	30	0
9	13	0
11	13	0
35	24	0
24	36	0
37	22	0
28	27	0
13	0	0
37	34	0
33	31	0
5	26	0
33	31	0
5	27	0
4	32	0
32	10	0
3	30	0
21	25	0
29	21	0
22	30	0
17	27	0
14	13	0
29	23	0
38	14	0
27	16	0
29	16	0
36	10	0
39	13	0
22	27	0
23	32	0
23	31	0
39	14	0
25	22	0
32	36	0
10	0	0
26	16	0
23	29	0
10	24	0
28	30	0
13	18	0
23	31	0
14	21	0
28	31	0
10	20	0
33	23	0
26	24	0
28	23	0
35	15	0
18	29	0
37	15	0
9	0	0
30	19	0
29	25	0
35	26	0
8	26	0
8	37	0
7	25	0
26	20	0
27	31	0
29	24	0
35	24	0
33	22	0
32	23	0
38	25	0
36	16	0
27	28	0
31	17	0
29	17	0
30	25	0
16	17	0
1	24	0
29	30	0
8	22	0
34	17	0
27	28	0
21	29	0
11	18	0
12	19	0
14	23	0
22	33	0
30	31	0
23	28	0
35	15	0
31	24	0
22	31	0
33	18	0
10	19	0
18	29	0
16	19	0
8	16	0
17	26	0
18	25	0
18	32	0
30	23	0
31	34	0
39	28	0
35	15	0
28	19	0
28	21	0
36	21	0
27	19	0
39	22	0
16	22	0
27	18	0
28	25	0
32	19	0
26	28	0
25	25	0
26	20	0
33	22	0
12	37	0
30	19	0
28	25	0
27	21	0
38	28	0
24	27	0
29	18	0
36	13	0
33	19	0
35	19	0
36	20	0
24	35	0
35	21	0
20	26	0
36	17	0
17	29	0
37	21	0
18	26	0
7	13	0
32	35	0
31	25	0
30	20	0
30	26	0
25	30	0
25	27	0
12	16	0
37	15	0
27	28	0
16	16	0
38	29	0
26	31	0
10	15	0
9	12	0
33	30	0
24	34	0
31	29	0
30	29	0
31	29	0
4	24	0
22	34	0
39	31	0
30	30	0
28	29	0
37	13	0
22	31	0
14	21	0
23	28	0
26	13	0
39	12	0
18	30	0
12	13	0
36	12	0
20	29	0
15	21	0
14	14	0
21	33	0
32	18	0
22	30	0
27	16	0
26	20	0
33	21	0
29	22	0
31	22	0
11	38	0
18	15	0
16	15	0
26	22	0
37	20	0
36	12	0
29	19	0
34	10	0
32	32	0
18	16	0
8	26	0
29	25	0
31	19	0
30	20	0
7	26	0
6	26	0
26	31	0
10	23	0
6	21	0
17	18	0
19	33	0
36	12	0
32	18	0
24	31	0
30	21	0
9	1	0
25	30	0
29	24	0
28	29	0
25	35	0
27	33	0
16	24	0
2	24	0
18	16	0
3	24	0
21	28	0
16	13	0
7	38	0
15	22	0
31	20	0
31	18	0
20	27	0
11	0	0
10	38	0
9	37	0
10	24	0
15	18	0
15	19	0
16	18	0
38	12	0
39	15	0
4	27	0
0	24	0
37	11	0
27	18	0
27	21	0
12	21	0
26	20	0
28	15	0
13	18	0
12	14	0
34	21	0
25	29	0
27	30	0
26	32	0
26	27	0
33	20	0
34	19	0
29	28	0
37	20	0
13	21	0
21	32	0
10	12	0
10	15	0
8	0	0
15	12	0
36	23	0
26	31	0
36	17	0
39	12	0
29	19	0
19	31	0
12	17	0
34	15	0
3	26	0
28	19	0
22	29	0
19	30	0
12	18	0
27	14	0
30	19	0
9	12	0
11	0	0
24	35	0
19	29	0
35	20	0
9	24	0
10	19	0
29	22	0
6	23	0
14	14	0
25	26	0
28	22	0
38	15	0
27	21	0
18	26	0
14	22	0
33	23	0
35	16	0
22	29	0
35	17	0
22	29	0
36	14	0
20	28	0
20	29	0
36	14	0
34	25	0
10	12	0
10	15	0
29	30	0
35	19	0
35	19	0
36	14	0
26	13	0
22	28	0
11	10	0
10	13	0
21	30	0
12	25	0
35	16	0
14	18	0
28	20	0
25	29	0
33	20	0
36	27	0
20	29	0
10	23	0
12	23	0
14	15	0
2	25	0
6	22	0
31	17	0
39	11	0
12	16	0
38	13	0
26	21	0
2	27	0
6	12	0
5	12	0
18	28	0
31	21	0
25	33	0
35	26	0
16	22	0
11	1	0
32	30	0
16	31	0
28	30	0
28	28	0
25	27	0
32	22	0
36	16	0
14	39	0
28	16	0
35	20	0
36	19	0
25	25	0
37	24	0
31	18	0
27	32	0
29	19	0
9	23	0
10	17	0
11	16	0
17	17	0
39	22	0
32	21	0
21	31	0
2	24	0
11	38	0
35	21	0
16	16	0
7	23	0
32	31	0
35	33	0
4	37	0
37	11	0
39	20	0
29	22	0
33	28	0
16	33	0
6	26	0
6	26	0
34	27	0
33	18	0
3	25	0
27	24	0
6	21	0
38	31	0
12	1	0
12	20	0
32	20	0
30	21	0
13	20	0
36	26	0
26	20	0
26	15	0
14	13	0
14	14	0
32	17	0
34	15	0
16	30	0
17	36	1
16	36	1
32	1	1
33	0	1
26	3	1
19	39	1
38	5	1
35	1	1
34	6	1
32	7	1
37	8	1
28	5	1
35	5	1
35	5	1
38	3	1
35	5	1
26	5	1
34	1	1
34	5	1
35	8	1
34	5	1
34	8	1
39	3	1
35	4	1
35	4	1
34	3	1
36	5	1
37	4	1
35	5	1
35	2	1
34	8	1
37	5	1
36	5	1
36	8	1
35	3	1
36	5	1
37	6	1
35	5	1
35	3	1
37	2	1
37	2	1
34	5	1
36	8	1
27	0	1
32	0	1
36	1	1
38	3	1
38	4	1
17	39	1
38	5	1
29	2	1
34	2	1
34	2	1
39	7	1
31	7	1
33	6	1
35	6	1
34	6	1
33	4	1
33	5	1
33	2	1
34	5	1
33	6	1
39	4	1
38	1	1
32	0	1
29	5	1
35	1	1
38	7	1
27	0	1
35	4	1
34	5	1
34	2	1
29	0	1
32	6	1
38	8	1
27	6	1
33	3	1
36	8	1
33	3	1
32	6	1
26	2	1
30	2	1
37	2	1
34	4	1
34	4	1
33	2	1
31	1	1
33	3	1
39	2	1
37	7	1
35	7	1
34	4	1
33	4	1
38	7	1
37	8	1
35	5	1
38	3	1
27	6	1
28	2	1
32	2	1
37	6	1
26	0	1
28	6	1
33	7	1
34	7	1
37	8	1
31	4	1
33	1	1
37	5	1
33	6	1
39	8	1
39	3	1
19	36	1
36	1	1
36	6	1
34	2	1
30	3	1
28	0	1
30	0	1
32	7	1
39	5	1
39	6	1
28	6	1
32	2	1
34	1	1
33	1	1
30	2	1
26	5	1
29	4	1
28	2	1
36	2	1
30	1	1
27	2	1
33	0	1
38	8	1
29	6	1
34	5	1
29	6	1
26	3	1
28	4	1
34	7	1
35	1	1
17	34	1
37	8	1
36	0	1
32	6	1
36	2	1
30	7	1
32	4	1
27	1	1
26	1	1
33	8	1
35	3	1
38	7	1
26	0	1
39	1	1
29	4	1
31	7	1
31	4	1
29	4	1
32	3	1
29	5	1
30	2	1
31	3	1
32	5	1
38	9	1
30	1	1
30	1	1
31	3	1
39	2	1
17	36	1
39	8	1
19	39	1
19	39	1
19	37	1
27	1	1
33	1	1
28	1	1
31	0	1
30	6	1
32	1	1
35	7	1
35	1	1
35	4	1
36	4	1
17	38	1
16	38	1
16	39	1
19	39	1
20	36	1
32	3	1
28	4	1
32	7	1
34	8	1
31	7	1
33	5	1
35	4	1
27	5	1
37	2	1
36	7	1
33	4	1
27	0	1
28	0	1
34	1	1
26	4	1
38	1	1
35	6	1
31	6	1
31	3	1
32	4	1
31	4	1
31	5	1
33	7	1
32	2	1
28	0	1
35	0	1
33	2	1
29	0	1
31	2	1
26	4	1
29	1	1
16	36	1
33	5	1
33	1	1
38	3	1
36	0	1
37	8	1
35	0	1
31	1	1
28	1	1
30	1	1
28	3	1
39	7	1
31	3	1
27	0	1
30	5	1
32	7	1
31	5	1
30	7	1
37	0	1
34	0	1
34	0	1
31	4	1
32	3	1
31	3	1
31	3	1
31	3	1
19	36	1
17	39	1
30	6	1
30	3	1
16	36	1
28	1	1
37	0	1
26	2	1
32	5	1
31	5	1
28	0	1
32	1	1
30	4	1
27	3	1
26	4	1
29	0	1
26	0	1
34	0	1
35	0	1
26	1	1
28	5	1
31	2	1
28	5	1
29	0	1
31	3	1
30	7	1
31	6	1
33	1	1
30	6	1
39	6	1
39	35	1
38	34	1
39	35	1
38	4	1
38	6	1
29	0	1
27	5	1
30	6	1
31	4	1
31	7	1
28	2	1
26	1	1
31	1	1
35	1	1
18	37	1
27	4	1
30	4	1
27	1	1
31	4	1
39	1	1
35	7	1
35	0	1
31	4	1
33	0	1
30	0	1
29	5	1
39	5	1
39	6	1
30	0	1
29	2	1
32	2	1
30	4	1
30	3	1
28	0	1
30	0	1
28	1	1
27	0	1
33	0	1
33	2	1
33	0	1
30	2	1
26	2	1
33	3	1
37	4	1
33	2	1
38	0	1
39	0	1
36	7	1
35	7	1
36	6	1
31	6	1
33	7	1
33	6	1
32	7	1
27	0	1
32	1	1
18	36	1
29	6	1
28	4	1
33	2	1
38	2	1
33	1	1
17	35	1
32	0	1
36	4	1
20	36	1
36	4	1
36	3	1
36	3	1
38	6	1
35	4	1
35	2	1
29	2	1
35	1	1
34	0	1
39	1	1
34	1	1
33	5	1
33	1	1
33	8	1
28	6	1
39	5	1
39	5	1
33	7	1
18	35	1
39	8	1
17	36	1
37	1	1
36	2	1
34	0	1
34	5	1
33	6	1
36	6	1
35	1	1
36	1	1
38	6	1
35	1	1
34	4	1
36	6	1
35	8	1
29	1	1
32	3	1
37	1	1
38	2	1
35	5	1
31	2	1
29	7	1
37	3	1
33	8	1
31	0	1
39	8	1
34	5	1
31	5	1
29	4	1
37	0	1
37	3	1
35	4	1
35	5	1
37	0	1
34	3	1
35	5	1
32	1	1
26	0	1
38	1	1
32	0	1
36	3	1
30	4	1
39	1	1
29	3	1
29	3	1
31	0	1
31	0	1
31	0	1
34	2	1
36	5	1
38	6	1
30	6	1
28	6	1
35	8	1
35	8	1
33	5	1
35	0	1
35	6	1
35	7	1
32	3	1
36	6	1
18	35	1
34	8	1
33	6	1
34	4	1
37	5	1
35	7	1
37	5	1
39	8	1
37	3	1
35	1	1
36	7	1
37	2	1
38	1	1
35	0	1
32	0	1
36	8	1
33	4	1
35	6	1
32	0	1
33	8	1
31	0	1
36	2	1
35	4	1
37	8	1
38	6	1
37	7	1
33	7	1
35	4	1
37	6	1
36	6	1
37	2	1
36	4	1
37	4	1
34	2	1
36	1	1
34	1	1
26	5	1
38	1	1
34	2	1
38	3	1
18	36	1
29	6	1
39	0	1
38	1	1
35	1	1
35	1	1
34	5	1
32	0	1
38	8	1
36	1	1
35	2	1
29	5	1
31	7	1
27	3	1
38	6	1
20	36	1
17	34	1
34	0	1
28	3	1
31	5	1
38	0	1
36	1	1
36	3	1
36	7	1
31	0	1
33	8	1
34	2	1
39	6	1
38	1	1
38	5	1
35	4	1
28	6	1
26	2	1
39	2	1
38	7	1
29	1	1
39	0	1
38	2	1
38	3	1
35	3	1
33	3	1
39	2	1
26	2	1
38	3	1
34	0	1
26	4	1
18	38	1
27	3	1
19	1	2
12	4	2
16	7	2
12	29	2
22	5	2
12	29	2
7	28	2
11	35	2
6	34	2
11	35	2
7	35	2
8	36	2
12	28	2
13	33	2
6	30	2
6	33	2
28	35	2
29	35	2
6	33	2
13	34	2
11	28	2
15	8	2
17	3	2
17	3	2
18	3	2
12	35	2
11	30	2
10	28	2
11	29	2
6	32	2
29	35	2
29	36	2
11	28	2
30	37	2
28	36	2
8	34	2
12	28	2
14	30	2
15	32	2
28	37	2
12	30	2
15	6	2
23	1	2
27	38	2
14	31	2
16	4	2
14	30	2
6	28	2
12	29	2
9	31	2
8	29	2
21	5	2
9	28	2
29	36	2
8	35	2
17	2	2
22	5	2
21	2	2
11	35	2
6	33	2
10	26	2
7	28	2
12	28	2
28	37	2
28	38	2
29	37	2
5	30	2
15	32	2
13	31	2
11	29	2
24	2	2
19	3	2
7	34	2
10	33	2
28	39	2
14	4	2
14	7	2
12	35	2
7	35	2
7	35	2
18	0	2
8	36	2
12	28	2
29	36	2
11	29	2
8	28	2
11	27	2
28	37	2
13	29	2
14	1	2
11	2	2
20	3	2
23	1	2
16	3	2
15	7	2
29	37	2
19	3	2
20	0	2
11	3	2
11	2	2
22	1	2
15	5	2
21	3	2
15	3	2
12	4	2
12	4	2
12	4	2
14	34	2
12	33	2
8	32	2
6	36	2
8	32	2
9	28	2
12	31	2
5	29	2
21	3	2
14	30	2
10	36	2
10	36	2
12	32	2
23	0	2
12	33	2
11	35	2
13	34	2
16	5	2
6	33	2
12	31	2
6	31	2
5	30	2
7	31	2
10	33	2
7	31	2
10	35	2
7	31	2
8	36	2
7	33	2
8	30	2
7	31	2
28	38	2
10	30	2
8	30	2
8	31	2
19	0	2
9	30	2
7	31	2
20	0	2
7	33	2
8	31	2
11	27	2
10	32	2
15	6	2
23	5	2
16	7	2
18	6	2
9	32	2
13	5	2
15	7	2
19	3	2
7	36	2
7	36	2
9	35	2
12	33	2
16	3	2
12	33	2
21	1	2
22	5	2
12	30	2
17	7	2
19	5	2
10	27	2
5	30	2
22	2	2
23	1	2
9	31	2
23	2	2
10	30	2
9	33	2
10	35	2
18	6	2
17	4	2
8	36	2
9	33	2
10	32	2
11	30	2
13	34	2
7	30	2
19	3	2
12	33	2
10	34	2
10	35	2
13	33	2
19	5	2
7	33	2
7	29	2
6	30	2
17	4	2
23	3	2
24	2	2
6	33	2
20	2	2
21	3	2
15	5	2
14	4	2
12	34	2
16	6	2
9	29	2
7	29	2
11	32	2
14	5	2
8	33	2
22	3	2
18	2	2
18	3	2
7	28	2
10	35	2
11	35	2
7	30	2
11	36	2
16	2	2
17	5	2
19	3	2
15	5	2
12	33	2
16	7	2
16	6	2
18	3	2
21	1	2
17	2	2
9	32	2
15	4	2
15	3	2
14	5	2
11	31	2
15	4	2
8	35	2
20	0	2
14	4	2
10	31	2
22	4	2
14	5	2
16	5	2
20	0	2
8	31	2
18	0	2
20	5	2
19	4	2
16	3	2
21	4	2
19	1	2
10	36	2
9	36	2
10	34	2
11	33	2
13	33	2
17	4	2
20	0	2
11	34	2
12	6	2
15	5	2
12	33	2
12	34	2
14	33	2
20	5	2
9	29	2
12	31	2
11	31	2
15	4	2
23	1	2
23	3	2
9	33	2
10	31	2
23	1	2
11	34	2
19	1	2
8	31	2
30	39	2
31	39	2
31	39	2
31	39	2
30	38	2
30	37	2
5	30	2
10	31	2
18	3	2
19	4	2
9	32	2
19	2	2
10	29	2
21	3	2
22	4	2
14	31	2
9	33	2
8	35	2
15	2	2
17	5	2
14	3	2
14	3	2
16	0	2
16	0	2
15	1	2
17	0	2
8	35	2
19	0	2
19	2	2
21	4	2
21	3	2
10	29	2
24	2	2
19	2	2
20	1	2
21	1	2
12	34	2
10	34	2
17	5	2
21	3	2
18	2	2
20	5	2
14	6	2
14	4	2
21	3	2
10	34	2
20	4	2
11	34	2
23	3	2
21	2	2
23	3	2
21	5	2
16	2	2
15	4	2
9	31	2
16	6	2
15	6	2
9	34	2
19	5	2
9	29	2
18	1	2
15	6	2
22	4	2
20	1	2
11	33	2
21	0	2
21	0	2
17	6	2
10	30	2
18	4	2
18	6	2
20	2	2
22	3	2
6	30	2
19	3	2
17	7	2
8	32	2
29	39	2
19	3	2
11	32	2
14	34	2
29	39	2
29	38	2
6	29	2
10	32	2
10	30	2
8	33	2
9	35	2
16	4	2
23	4	2
18	3	2
10	36	2
10	36	2
23	4	2
9	35	2
11	33	2
11	34	2
11	36	2
21	4	2
11	32	2
18	1	2
9	32	2
10	30	2
22	1	2
13	35	2
9	13	2
22	0	2
12	32	2
6	32	2
8	34	2
14	2	2
13	7	2
13	7	2
14	2	2
16	1	2
15	0	2
16	1	2
17	0	2
8	32	2
19	3	2
9	33	2
9	30	2
22	1	2
17	6	2
18	3	2
12	36	2
18	6	2
6	32	2
9	31	2
10	34	2
8	33	2
10	36	2
6	34	2
15	0	2
13	3	2
16	2	2
16	1	2
15	0	2
17	1	2
7	35	2
9	33	2
10	35	2
18	4	2
11	36	2
8	31	2
6	32	2
8	30	2
19	6	2
24	3	2
11	3	2
11	3	2
19	1	2
13	32	2
11	27	2
10	31	2
13	33	2
15	31	2
7	30	2
16	7	2
14	7	2
24	0	2
14	6	2
17	7	2
9	31	2
19	4	2
17	7	2
10	31	2
10	35	2
6	29	2
23	2	2
32	39	2
29	39	2
14	35	2
11	2	2
13	35	2
6	31	2
13	32	2
10	30	2
8	34	2
23	4	2
23	2	2
10	33	2
7	36	2
10	33	2
11	35	2
19	3	2
12	5	2
13	4	2
12	5	2
16	5	2
10	27	2
8	33	2
18	5	2
18	6	2
6	33	2
5	29	2
10	32	2
6	32	2
6	32	2
21	1	2
8	33	2
13	34	2
6	29	2
8	28	2
22	0	2
20	4	2
8	31	2
12	30	2
10	27	2
6	33	2
8	30	2
7	29	2
6	33	2
6	32	2
7	32	2
7	34	2
7	31	2
23	5	2
24	1	2
17	3	2
6	34	2
8	28	2
18	1	2
7	33	2
8	31	2
12	32	2
9	28	2
6	31	2
10	29	2
8	28	2
11	29	2
13	33	2
5	31	2
22	4	2
24	1	2
6	33	2
8	36	2
9	36	2
12	34	2
13	3	2
7	35	2
13	6	2
29	37	2
5	31	2
10	35	2
13	29	2
14	31	2
6	34	2
14	33	2
28	39	2
9	34	2
24	0	2
9	27	2
17	6	2
30	37	2
14	30	2
6	32	2
6	31	2
24	2	2
14	30	2
9	30	2
28	38	2
5	29	2
16	6	2
23	4	2
16	3	2
6	31	2
11	31	2
8	30	2
6	36	2
6	29	2
8	34	2
10	28	2
14	32	2
13	31	2
13	30	2
11	30	2
37	36	2
18	5	2
11	33	2
12	36	2
14	32	2
9	28	2
12	32	2
14	32	2
5	31	2
7	30	2
6	34	2
14	6	2
6	8	3
5	10	3
4	8	3
17	10	3
36	39	3
19	8	3
7	8	3
7	8	3
22	9	3
7	9	3
24	13	3
25	11	3
21	13	3
21	12	3
18	10	3
20	12	3
19	12	3
20	14	3
35	37	3
15	2	3
20	14	3
20	7	3
37	38	3
8	2	3
22	8	3
4	1	3
6	0	3
3	7	3
38	39	3
0	0	3
21	10	3
17	9	3
19	13	3
18	11	3
20	11	3
1	10	3
20	9	3
19	11	3
18	11	3
21	13	3
19	13	3
0	10	3
8	9	3
19	12	3
21	13	3
18	10	3
20	12	3
19	11	3
3	11	3
21	10	3
21	10	3
21	12	3
20	11	3
21	12	3
17	9	3
17	9	3
21	12	3
24	9	3
25	11	3
20	9	3
22	13	3
23	13	3
23	9	3
22	8	3
7	2	3
20	7	3
6	7	3
23	10	3
5	10	3
20	8	3
21	12	3
22	12	3
18	8	3
23	8	3
5	5	3
8	9	3
1	7	3
5	4	3
6	10	3
7	3	3
9	6	3
19	11	3
23	10	3
9	8	3
4	7	3
5	11	3
8	6	3
8	6	3
9	9	3
5	11	3
7	7	3
23	12	3
7	7	3
5	7	3
6	8	3
5	10	3
3	9	3
5	5	3
0	2	3
0	1	3
1	0	3
10	6	3
1	8	3
8	3	3
3	9	3
5	5	3
1	0	3
9	13	3
1	1	3
4	9	3
22	11	3
36	35	3
35	35	3
23	7	3
21	9	3
4	9	3
23	12	3
24	12	3
7	8	3
21	7	3
5	9	3
4	3	3
3	5	3
24	10	3
2	5	3
1	4	3
5	8	3
5	4	3
23	8	3
8	8	3
5	9	3
7	3	3
3	10	3
8	8	3
4	5	3
10	9	3
4	0	3
0	1	3
5	6	3
6	5	3
9	8	3
6	1	3
6	1	3
5	3	3
1	4	3
1	5	3
24	9	3
5	3	3
24	11	3
23	12	3
0	8	3
4	8	3
23	13	3
4	9	3
39	37	3
2	5	3
3	11	3
5	8	3
22	10	3
24	11	3
4	3	3
5	6	3
22	9	3
24	9	3
20	11	3
9	3	3
5	1	3
8	10	3
0	11	3
2	8	3
39	37	3
39	36	3
24	7	3
20	10	3
5	2	3
5	5	3
4	1	3
5	1	3
22	8	3
20	9	3
5	3	3
20	9	3
5	6	3
2	9	3
21	8	3
0	0	3
1	0	3
24	8	3
3	7	3
17	9	3
7	8	3
7	6	3
2	2	3
6	2	3
5	6	3
5	11	3
6	6	3
22	8	3
22	9	3
23	7	3
1	8	3
7	3	3
1	6	3
5	8	3
1	4	3
0	2	3
3	8	3
7	10	3
4	9	3
6	8	3
8	9	3
6	8	3
5	7	3
5	10	3
1	6	3
2	11	3
0	5	3
0	6	3
5	5	3
3	3	3
1	2	3
3	0	3
9	5	3
38	37	3
35	36	3
35	35	3
0	1	3
9	4	3
6	3	3
3	2	3
7	5	3
1	7	3
2	5	3
0	5	3
0	2	3
2	1	3
4	1	3
1	3	3
1	1	3
37	39	3
35	35	3
3	0	3
0	3	3
1	3	3
4	2	3
2	0	3
2	6	3
2	8	3
3	2	3
1	7	3
2	2	3
1	3	3
0	4	3
4	4	3
4	2	3
0	7	3
2	7	3
7	4	3
2	4	3
2	2	3
5	2	3
1	1	3
7	4	3
3	4	3
8	3	3
1	4	3
0	5	3
9	6	3
0	9	3
4	10	3
8	3	3
21	8	3
5	7	3
3	6	3
36	38	3
2	3	3
23	10	3
6	10	3
7	10	3
4	8	3
7	6	3
4	6	3
1	4	3
22	8	3
2	6	3
4	9	3
7	8	3
1	3	3
24	9	3
20	9	3
22	8	3
4	5	3
18	11	3
7	7	3
19	10	3
23	11	3
20	9	3
24	13	3
23	13	3
0	10	3
23	10	3
20	8	3
17	9	3
0	10	3
21	12	3
1	10	3
0	0	3
39	39	3
6	3	3
21	10	3
20	10	3
38	38	3
21	8	3
19	9	3
24	11	3
20	8	3
22	13	3
5	10	3
23	12	3
7	9	3
21	12	3
23	12	3
5	8	3
24	13	3
22	11	3
19	8	3
25	10	3
21	10	3
21	10	3
36	37	3
6	1	3
19	8	3
19	12	3
22	11	3
6	9	3
2	3	3
0	5	3
6	8	3
3	7	3
0	6	3
23	11	3
7	10	3
2	9	3
7	9	3
23	12	3
7	9	3
23	11	3
22	13	3
4	10	3
17	9	3
22	7	3
0	0	3
20	8	3
20	12	3
23	7	3
23	7	3
20	13	3
18	9	3
23	13	3
9	6	3
23	11	3
21	13	3
6	10	3
4	10	3
6	7	3
9	9	3
6	10	3
22	12	3
6	4	3
3	5	3
9	6	3
2	6	3
23	9	3
21	12	3
23	10	3
5	8	3
10	8	3
8	4	3
7	6	3
9	4	3
3	1	3
8	7	3
3	7	3
3	9	3
8	7	3
6	10	3
5	2	3
39	36	3
39	38	3
23	9	3
5	11	3
3	7	3
24	10	3
21	11	3
4	6	3
6	7	3
7	2	3
3	0	3
3	8	3
4	10	3
6	6	3
3	5	3
1	2	3
9	13	3
1	1	3
3	6	3
2	5	3
4	11	3
23	9	3
20	8	3
22	12	3
10	7	3
2	10	3
4	10	3
24	13	3
22	9	3
0	1	3
2	1	3
37	35	3
37	39	3
3	4	3
7	3	3
2	5	3
0	7	3
4	6	3
5	5	3
3	11	3
21	12	3
24	11	3
22	9	3
21	12	3
21	13	3
22	10	3
0	8	3
19	10	3
25	11	3
21	10	3
22	11	3
4	5	3
23	9	3
24	11	3
22	13	3
39	39	3
37	36	3
38	39	3
20	9	3
23	13	3
19	9	3
1	10	3
20	9	3
19	10	3
25	11	3
21	8	3
0	11	3
18	10	3
4	7	3
23	10	3
25	11	3
20	10	3
19	8	3
21	11	3
4	9	3
6	2	3
0	6	3
1	0	3
4	5	3
7	9	3
19	9	3
3	9	3
6	9	3
2	10	3
7	5	3
7	6	3
0	13	4
1	19	4
0	39	4
2	37	4
23	23	4
23	17	4
3	32	4
14	28	4
23	22	4
5	20	4
20	24	4
14	16	4
25	7	4
21	15	4
1	12	4
15	11	4
4	21	4
16	21	4
25	20	4
24	39	4
0	14	4
33	16	4
4	13	4
0	36	4
33	11	4
33	11	4
3	13	4
4	23	4
5	17	4
32	10	4
29	14	4
25	15	4
5	19	4
0	18	4
1	15	4
17	21	4
36	19	4
29	15	4
6	13	4
6	19	4
8	16	4
23	15	4
31	26	4
23	25	4
33	13	4
7	15	4
31	11	4
30	14	4
0	29	4
5	17	4
37	20	4
0	19	4
9	17	4
26	13	4
22	16	4
3	16	4
18	22	4
10	11	4
9	14	4
17	29	4
30	16	4
24	15	4
18	18	4
22	39	4
17	13	4
6	39	4
16	13	4
22	39	4
35	30	4
4	39	4
5	39	4
7	39	4
21	19	4
22	18	4
18	24	4
22	24	4
24	18	4
4	34	4
1	32	4
1	31	4
1	16	4
2	21	4
31	13	4
29	33	4
23	18	4
23	24	4
1	22	4
34	13	4
20	21	4
27	9	4
6	17	4
9	17	4
3	18	4
28	13	4
36	11	4
28	10	4
24	37	4
33	21	4
19	22	4
18	21	4
19	28	4
5	20	4
30	11	4
24	22	4
1	30	4
24	27	4
32	14	4
6	16	4
29	11	4
3	21	4
1	19	4
5	20	4
0	15	4
1	20	4
24	23	4
26	39	4
4	21	4
30	11	4
3	13	4
24	16	4
2	33	4
7	26	4
2	22	4
23	18	4
23	16	4
29	9	4
30	12	4
31	11	4
32	10	4
30	12	4
2	34	4
22	16	4
20	20	4
33	11	4
21	22	4
4	22	4
4	22	4
21	16	4
33	13	4
3	21	4
19	16	4
17	22	4
2	13	4
6	18	4
8	17	4
0	17	4
2	19	4
20	17	4
2	21	4
32	12	4
30	12	4
23	38	4
8	37	4
9	38	4
8	15	4
34	17	4
6	22	4
13	13	4
0	20	4
22	18	4
33	12	4
0	22	4
27	9	4
31	12	4
31	11	4
33	13	4
2	39	4
3	22	4
27	10	4
1	14	4
4	17	4
2	20	4
1	36	4
0	20	4
32	15	4
28	13	4
30	12	4
18	19	4
1	17	4
23	19	4
4	20	4
0	23	4
24	39	4
4	18	4
31	12	4
4	20	4
22	27	4
25	21	4
32	13	4
30	13	4
4	16	4
5	19	4
15	28	4
29	31	4
22	22	4
12	14	4
28	11	4
28	12	4
5	15	4
3	18	4
1	35	4
25	36	4
9	1	4
9	1	4
39	32	4
32	31	4
37	18	4
37	18	4
21	35	4
34	27	4
12	38	4
21	19	4
20	22	4
18	24	4
17	23	4
21	19	4
21	19	4
13	0	4
1	32	4
2	21	4
34	10	4
3	29	4
33	12	4
31	13	4
23	18	4
4	27	4
11	25	4
24	23	4
2	32	4
19	20	4
21	19	4
4	22	4
3	19	4
1	15	4
30	9	4
0	20	4
5	17	4
8	18	4
20	16	4
24	16	4
2	18	4
4	18	4
29	12	4
5	21	4
2	29	4
5	20	4
26	15	4
24	24	4
20	18	4
33	16	4
24	37	4
2	38	4
29	31	4
1	23	4
25	17	4
2	30	4
0	13	4
30	13	4
6	17	4
0	30	4
20	19	4
0	31	4
21	23	4
1	30	4
3	37	4
20	22	4
20	22	4
19	18	4
23	38	4
12	38	4
26	39	4
4	23	4
25	6	4
0	32	4
0	18	4
1	20	4
2	23	4
10	39	4
22	23	4
24	20	4
21	17	4
2	22	4
3	31	4
21	21	4
34	13	4
22	17	4
22	17	4
25	20	4
30	15	4
0	17	4
0	33	4
2	36	4
23	16	4
13	26	4
26	37	4
26	38	4
21	18	4
15	27	4
1	18	4
2	32	4
21	24	4
21	18	4
23	17	4
30	14	4
27	10	4
22	18	4
25	24	4
20	18	4
39	19	4
38	16	4
38	17	4
16	14	4
38	16	4
38	18	4
34	29	4
21	24	4
32	14	4
20	21	4
25	16	4
0	16	4
0	19	4
25	18	4
3	18	4
20	22	4
25	23	4
10	39	4
5	24	4
26	36	4
3	36	4
4	32	4
2	17	4
32	12	4
25	38	4
22	20	4
20	22	4
21	17	4
6	19	4
22	21	4
25	19	4
35	21	4
4	35	4
23	21	4
18	19	4
4	23	4
24	24	4
31	12	4
3	19	4
31	13	4
19	23	4
22	24	4
1	33	4
1	18	4
3	35	4
25	36	4
26	9	4
3	34	4
5	27	4
8	38	4
2	39	4
4	14	4
8	20	4
23	17	4
28	8	4
1	16	4
30	13	4
6	20	4
20	24	4
20	19	4
32	15	4
27	12	4
7	19	4
12	24	4
19	21	4
4	17	4
2	32	4
3	38	4
31	34	4
5	38	4
34	27	4
34	30	4
37	17	4
37	18	4
37	33	4
12	1	4
33	35	4
33	34	4
33	34	4
23	16	4
28	14	4
19	24	4
21	20	4
3	23	4
5	18	4
6	18	4
20	17	4
2	15	4
1	13	4
4	23	4
5	23	4
23	38	4
22	25	4
1	15	4
16	28	4
23	19	4
30	10	4
34	12	4
24	25	4
3	20	4
15	28	4
39	32	4
24	21	4
2	18	4
33	12	4
30	11	4
2	28	4
6	13	4
35	10	4
35	10	4
25	24	4
23	38	4
22	19	4
4	16	4
14	16	4
4	35	4
5	34	4
15	34	4
12	0	4
2	24	4
1	15	4
6	12	4
3	21	4
1	15	4
3	16	4
2	17	4
30	10	4
30	11	4
0	16	4
25	37	4
9	37	4
2	35	4
0	14	4
24	17	4
13	27	4
1	38	4
32	15	4
0	14	4
2	18	4
30	13	4
34	11	4
22	23	4
2	23	4
2	17	4
23	22	4
2	22	4
34	11	4
2	31	4
23	16	4
1	16	4
13	11	4
39	16	4
23	39	4
18	13	4
33	10	4
24	15	4
20	21	4
3	17	4
7	16	4
2	36	4
17	21	4
31	15	4
24	18	4
21	19	4
2	22	4
27	11	4
31	11	4
1	18	4
37	10	4
5	13	4
7	17	4
5	22	4
7	18	4
28	14	4
25	19	4
1	21	4
4	21	4
4	22	4
31	14	4
34	12	4
23	23	4
32	12	4
0	13	4
21	21	4
9	39	4
4	23	4
24	25	4
1	31	4
32	11	4
21	25	4
9	0	4
26	23	4
2	13	4
13	12	4
34	11	4
19	18	4
25	19	4
6	12	4
32	9	4
26	13	4
3	13	4
23	21	4
33	14	4
27	11	4
34	11	4
2	20	4
2	15	4
17	20	4
23	25	4
13	19	4
30	9	4
24	16	4
32	9	4
32	9	4
8	15	4
0	22	4
6	17	4
33	12	4
31	11	4
1	21	4
5	13	4
7	17	4
2	20	4
32	16	4
5	22	4
28	13	4
29	10	4
0	15	4
23	18	4
20	20	4
6	17	4
0	21	4
20	21	4
3	16	4
9	14	4
11	12	4
17	20	4
5	21	4
12	13	4
20	25	4
1	29	4
31	9	4
31	9	4
4	17	4
39	20	4
39	20	4
31	10	4
24	18	4
3	35	4
27	11	4
31	12	4
3	20	4
22	24	4
21	24	4
26	9	4
22	18	4
14	17	4
13	13	4
0	14	4
1	14	4
32	11	4
6	12	4
34	11	4
33	14	4
2	31	4
3	36	4
4	35	4
3	36	4
1	35	4
24	25	4
13	26	4
3	36	4
3	17	4
30	11	4
31	13	4
26	15	4
1	15	4
25	22	4
25	36	4
0	33	4
1	29	4
1	36	4
28	21	4
3	37	4
3	16	4
29	13	4
17	23	4
5	19	4
3	20	4
33	14	4
23	23	4
4	19	4
33	13	4
0	19	4
21	20	4
19	19	4
0	16	4
21	17	4
1	17	4
23	19	4
33	32	4
39	17	4
4	39	4
39	34	4
7	15	4
3	18	4
15	26	4
27	14	4
34	13	4
26	15	4
0	37	4
28	11	4
7	14	4
17	21	4
32	14	4
28	12	4
0	39	4
24	20	4
11	24	4
7	37	4
15	27	4
4	26	4
8	19	4
13	38	4
19	16	4
9	16	4
23	24	4
0	18	4
21	16	4
23	37	4
24	21	4
5	14	4
26	14	4
0	20	4
8	22	4
18	20	4
33	13	4
2	14	4
13	12	4
0	30	4
25	16	4
3	18	4
19	28	4
1	17	4
2	21	4
4	22	4
21	23	4
2	24	4
25	32	4
20	17	4
34	12	4
3	14	4
34	16	4
36	19	4
36	20	4
7	17	4
18	21	4
8	19	4
29	13	4
26	13	4
1	20	4
22	15	4
7	13	4
26	14	4
28	11	4
18	23	4
5	12	4
26	22	4
0	39	4
30	13	4
5	15	4
33	15	4
0	29	4
20	19	4
22	20	4
10	14	4
10	12	4
2	14	4
23	22	4
20	23	4
19	19	4
31	14	4
34	12	4
5	21	4
3	15	4
19	20	4
4	23	4
32	13	4
0	16	4
33	12	4
7	20	4
13	14	4
21	19	4
2	13	4
31	17	4
33	36	4
38	32	4
39	32	4
17	14	4
39	20	4
39	20	4
39	20	4
10	14	4
9	11	4
29	12	4
26	13	4
6	12	4
34	22	4
35	19	4
29	29	4
12	9	4
9	12	4
24	17	4
4	17	4
27	15	4
27	12	4
31	14	4
32	11	4
1	17	4
25	39	4
34	12	4
7	20	4
28	13	4
2	24	4
24	19	4
26	8	4
20	23	4
2	14	4
26	39	4
30	16	4
0	17	4
14	10	4
13	17	4
21	19	4
20	17	4
0	21	4
25	38	4
35	21	4
3	17	4
1	39	4
11	15	4
9	12	4
3	18	4
9	18	4
4	17	4
0	37	4
35	19	4
19	21	4
15	27	4
22	15	4
32	16	4
2	16	4
4	13	4
6	16	4
4	21	4
27	8	4
4	17	4
24	19	4
18	13	4
33	10	4
1	15	4
27	9	4
1	23	4
33	12	4
6	21	4
36	29	4
0	15	4
28	9	4
22	24	4
25	39	4
34	27	4
3	37	4
31	17	4
26	10	4
33	15	4
25	17	4
4	18	4
25	23	4
11	38	4
10	38	4
5	21	4
4	18	4
5	18	4
7	20	4
28	14	4
3	27	4
30	15	4
29	12	4
27	13	4
30	15	4
7	20	4
4	20	4
2	21	4
28	29	4
38	31	4
30	14	4
32	15	4
26	22	4
23	15	4
1	18	4
29	13	4
31	11	4
25	15	4
0	14	4
24	39	4
22	22	4
6	19	4
6	19	4
23	38	4
3	38	4
29	11	4
27	10	4
30	12	4
6	15	4
3	21	4
2	14	4
33	10	4
4	25	4
18	20	4
28	14	4
27	11	4
5	19	4
3	15	4
29	12	4
3	17	4
6	14	4
7	15	4
34	13	4
32	14	4
5	16	4
0	21	4
31	9	4
0	15	4
20	18	4
2	16	4
4	14	4
19	21	4
30	30	4
30	30	4
30	29	4
31	29	4
0	37	4
17	23	4
10	11	4
10	14	4
31	16	4
7	13	4
1	22	4
25	16	4
0	15	4
8	15	4
21	16	4
3	17	4
3	19	4
5	17	4
1	21	4
4	33	4
5	35	4
33	26	4
33	26	4
14	27	4
3	33	4
0	16	4
26	10	4
20	20	4
35	12	4
20	20	4
23	15	4
22	17	4
7	19	4
4	21	4
2	21	4
24	18	4
5	37	4
34	31	4
34	33	4
39	18	4
39	18	4
38	18	4
34	31	4
34	32	4
35	33	4
33	32	4
35	33	4
4	38	4
39	17	4
34	31	4
38	16	4
23	37	4
17	14	4
17	14	4
13	0	4
20	31	4
37	32	4
23	36	4
5	25	4
24	5	4
4	39	4
13	0	4
22	37	4
22	37	4
16	21	4
0	37	4
23	20	4
19	19	4
4	15	4
20	23	4
32	11	4
6	16	4
7	16	4
21	23	4
19	17	4
14	16	4
20	26	4
3	23	4
2	20	4
12	10	4
0	14	4
24	38	4
2	13	4
0	13	4
26	14	4
27	11	4
1	22	4
1	13	4
22	23	4
5	22	4
4	13	4
14	38	4
13	1	4
39	19	4
5	36	4
7	38	4
37	17	4
36	33	4
12	1	4
6	24	4
23	16	4
0	17	4
2	14	4
11	24	4
15	16	4
32	16	4
0	15	4
23	24	4
2	16	4
20	21	4
27	14	4
7	14	4
5	14	4
33	14	4
1	18	4
2	33	4
